[gd_scene load_steps=10 format=3 uid="uid://dx7u7eev8l32i"]

[ext_resource type="Script" path="res://character_body_3d.gd" id="1_1lkyk"]

[sub_resource type="ProceduralSkyMaterial" id="ProceduralSkyMaterial_b2gjp"]
sky_horizon_color = Color(0.64625, 0.65575, 0.67075, 1)
ground_horizon_color = Color(0.64625, 0.65575, 0.67075, 1)

[sub_resource type="Sky" id="Sky_2ul6k"]
sky_material = SubResource("ProceduralSkyMaterial_b2gjp")

[sub_resource type="Environment" id="Environment_3bbnn"]
background_mode = 2
sky = SubResource("Sky_2ul6k")
tonemap_mode = 2
glow_enabled = true

[sub_resource type="StandardMaterial3D" id="StandardMaterial3D_iyr4r"]

[sub_resource type="StandardMaterial3D" id="StandardMaterial3D_tcsjq"]

[sub_resource type="StandardMaterial3D" id="StandardMaterial3D_a346c"]
albedo_color = Color(0.156863, 0.172549, 0.745098, 1)

[sub_resource type="CapsuleMesh" id="CapsuleMesh_nel4y"]

[sub_resource type="CapsuleShape3D" id="CapsuleShape3D_4v4h2"]

[node name="Node3D" type="Node3D"]
transform = Transform3D(1, 0, 0, 0, 1, 0, 0, 0, 1, 1.70788, 0.537902, -0.0752099)

[node name="DirectionalLight3D" type="DirectionalLight3D" parent="."]
transform = Transform3D(-0.866615, -0.488396, 0.102214, 0.47785, -0.753345, 0.451808, -0.143659, 0.440387, 0.88624, 0.72416, 0.948182, -0.0102484)
light_color = Color(0.94614, 0.894773, 0.611581, 1)
light_energy = 3.182
shadow_enabled = true

[node name="WorldEnvironment" type="WorldEnvironment" parent="."]
environment = SubResource("Environment_3bbnn")

[node name="CSGBox3D" type="CSGBox3D" parent="."]
transform = Transform3D(0.546575, -0.137118, 0.826108, 0.243327, 0.969944, 0, -0.801279, 0.201015, 0.563512, 0.42236, 0.38347, 0.559298)
use_collision = true
size = Vector3(1, 1, 1.06787)

[node name="CSGBox3D2" type="CSGBox3D" parent="."]
transform = Transform3D(1, 0, 0, 0, 1, 0, 0, 0, 1, -0.00537634, -1.01414, -0.00476408)
material_override = SubResource("StandardMaterial3D_iyr4r")
use_collision = true
size = Vector3(40, 1, 40)
material = SubResource("StandardMaterial3D_tcsjq")

[node name="CSGCylinder3D" type="CSGCylinder3D" parent="."]
transform = Transform3D(1, 0, 0, 0, 1, 0, 0, 0, 1, -3.32884, 0.86978, 1.88336)
use_collision = true
sides = 60
material = SubResource("StandardMaterial3D_a346c")

[node name="CharacterBody3D" type="CharacterBody3D" parent="."]
transform = Transform3D(1, 0, 0, 0, 1, 0, 0, 0, 1, -1.77337, 1.3525, 1.57989)
script = ExtResource("1_1lkyk")

[node name="Camera3D" type="Camera3D" parent="CharacterBody3D"]
transform = Transform3D(1, 0, 0, 0, 0.835932, 0.548833, 0, -0.548833, 0.835932, 1.00327, 0.713929, 1.65385)
fov = 110.386

[node name="MeshInstance3D" type="MeshInstance3D" parent="CharacterBody3D"]
mesh = SubResource("CapsuleMesh_nel4y")
skeleton = NodePath("../..")

[node name="CollisionShape3D" type="CollisionShape3D" parent="CharacterBody3D"]
shape = SubResource("CapsuleShape3D_4v4h2")
